self.x_calibration_points = [
            [(103.0, 0),
            (130.0, 0)],
            [(130.0, 0),
            (153.0, 0)],
            [(153.0, 0),
            (173.0, 0)],
            [(173.0, 0),
            (191.0, 0)],
            [(191.0, 0),
            (206.0, 0)],
            [(206.0, 0),
            (220.0, 0)],
            [(220.0, 0),
            (311.0, 0)],
            [(311.0, 0),
            (359.0, 0)],
            [(359.0, 0),
            (396.0, 0)],
            [(396.0, 0),
            (423.0, 0)],
            [(423.0, 0),
            (447.0, 0)],
            [(447.0, 0),
            (466.0, 0)],
            [(466.0, 0),
            (482.0, 0)],
            [(482.0, 0),
            (498.0, 0)],
            [(498.0, 0),
            (512.0, 0)],
            [(512.0, 0),
            (598.0, 0)],
            [(598.0, 0),
            (649.0, 0)],
            [(649.0, 0),
            (686.0, 0)],
            [(686.0, 0),
            (713.0, 0)],
            [(713.0, 0),
            (737.0, 0)],
            [(737.0, 0),
            (756.0, 0)]
] # Stores pixel (x,y) of clicked points
        self.y_calibration_points = [
            [(0, 193.0),
            (0, 207.0)],
            [(0, 207.0),
            (0, 221.0)],
            [(0, 221.0),
            (0, 237.0)],
            [(0, 237.0),
            (0, 252.0)],
            [(0, 252.0),
            (0, 267.0)],
            [(0, 267.0),
            (0, 281.0)],
            [(0, 281.0),
            (0, 296.0)],
            [(0, 296.0),
            (0, 311.0)]
] # Stores pixel (x,y) of clicked points
        self.x_values = [
            [0.0004, 0.0005],
            [0.0005, 0.0006],
            [0.0006, 0.0007],
            [0.0007, 0.0008],
            [0.0008, 0.0009],
            [0.0009, 0.001],
            [0.001, 0.002],
            [0.002, 0.003],
            [0.003, 0.004],
            [0.004, 0.005],
            [0.005, 0.006],
            [0.006, 0.007],
            [0.007, 0.008],
            [0.008, 0.009],
            [0.009, 0.01],
            [0.01, 0.02],
            [0.02, 0.03],
            [0.03, 0.04],
            [0.04, 0.05],
            [0.05, 0.06],
            [0.06, 0.07]
        ]
        self.y_values [
            [1.000, 1.005],
            [1.005, 1.010],
            [1.010, 1.015],
            [1.015, 1.020],
            [1.020, 1.025],
            [1.025, 1.030],
            [1.030, 1.035],
            [1.035, 1.40]
        ]